"FlightDate","n_dep_delay","n_arr_delay","n_delay"
2019-01-01,7106,6891,13997
2019-01-02,9041,9132,18173
2019-01-03,7337,7066,14403
2019-01-04,5901,5635,11536
2019-01-05,5409,5153,10562
2019-01-06,7042,6844,13886
2019-01-07,5761,5822,11583
2019-01-08,4104,4071,8175
2019-01-09,3935,4444,8379
2019-01-10,5085,5456,10541
2019-01-11,5442,5977,11419
2019-01-12,3955,4291,8246
2019-01-13,5404,5397,10801
2019-01-14,5292,5874,11166
2019-01-15,4749,5614,10363
2019-01-16,4522,5338,9860
2019-01-17,6692,7672,14364
2019-01-18,7370,8007,15377
2019-01-19,4638,4914,9552
2019-01-20,5633,5880,11513
2019-01-21,8257,8411,16668
2019-01-22,6421,6536,12957
2019-01-23,7201,7924,15125
2019-01-24,8484,9401,17885
2019-01-25,7346,7752,15098
2019-01-26,3830,4152,7982
2019-01-27,5888,6573,12461
2019-01-28,5556,5527,11083
2019-01-29,4566,4854,9420
2019-01-30,5604,5791,11395
2019-01-31,7024,6795,13819
2019-02-01,8017,7995,16012
2019-02-02,4375,4166,8541
2019-02-03,3738,3610,7348
2019-02-04,5979,5704,11683
2019-02-05,4338,4663,9001
2019-02-06,5705,6566,12271
2019-02-07,7614,8003,15617
2019-02-08,7563,7801,15364
2019-02-09,4304,4136,8440
2019-02-10,7141,7754,14895
2019-02-11,7717,8209,15926
2019-02-12,7454,8296,15750
2019-02-13,7623,8244,15867
2019-02-14,7747,7787,15534
2019-02-15,7747,8097,15844
2019-02-16,4888,5077,9965
2019-02-17,6387,7143,13530
2019-02-18,9097,9486,18583
2019-02-19,7943,8747,16690
2019-02-20,9440,10308,19748
2019-02-21,9215,9263,18478
2019-02-22,9152,9555,18707
2019-02-23,6020,6204,12224
2019-02-24,7119,7184,14303
2019-02-25,8165,7912,16077
2019-02-26,6357,6898,13255
2019-02-27,6642,7103,13745
2019-02-28,8843,8783,17626
2019-03-01,9011,9332,18343
2019-03-02,6936,7486,14422
2019-03-03,8462,9392,17854
2019-03-04,8422,8551,16973
2019-03-05,6700,7460,14160
2019-03-06,6536,7124,13660
2019-03-07,7271,7333,14604
2019-03-08,7655,8150,15805
2019-03-09,7919,8466,16385
2019-03-10,9477,9330,18807
2019-03-11,6635,6532,13167
2019-03-12,6318,6979,13297
2019-03-13,6702,6566,13268
2019-03-14,8523,8049,16572
2019-03-15,8723,8446,17169
2019-03-16,6052,5386,11438
2019-03-17,5990,5326,11316
2019-03-18,5311,4660,9971
2019-03-19,4736,4222,8958
2019-03-20,5251,5123,10374
2019-03-21,6557,6528,13085
2019-03-22,7385,7227,14612
2019-03-23,4953,4377,9330
2019-03-24,5779,4951,10730
2019-03-25,6459,6206,12665
2019-03-26,5480,5134,10614
2019-03-27,5430,5313,10743
2019-03-28,5740,5220,10960
2019-03-29,5627,5372,10999
2019-03-30,4481,4200,8681
2019-03-31,6404,6102,12506
2019-04-01,9735,8884,18619
2019-04-02,4807,4678,9485
2019-04-03,4883,4760,9643
2019-04-04,6661,6933,13594
2019-04-05,6457,6298,12755
2019-04-06,4849,4734,9583
2019-04-07,7235,7296,14531
2019-04-08,7602,7621,15223
2019-04-09,6388,6984,13372
2019-04-10,6130,6285,12415
2019-04-11,6856,6983,13839
2019-04-12,8635,9150,17785
2019-04-13,5720,5920,11640
2019-04-14,9291,9866,19157
2019-04-15,9473,8580,18053
2019-04-16,5364,4721,10085
2019-04-17,5213,5113,10326
2019-04-18,8305,8367,16672
2019-04-19,9137,9800,18937
2019-04-20,5406,5083,10489
2019-04-21,4877,4351,9228
2019-04-22,6581,6285,12866
2019-04-23,4964,4734,9698
2019-04-24,5549,5403,10952
2019-04-25,5555,5290,10845
2019-04-26,7635,7601,15236
2019-04-27,4754,4309,9063
2019-04-28,5975,5446,11421
2019-04-29,7809,7625,15434
2019-04-30,6246,6679,12925
2019-05-01,6127,6059,12186
2019-05-02,9399,10005,19404
2019-05-03,8843,9149,17992
2019-05-04,5375,5212,10587
2019-05-05,7579,7348,14927
2019-05-06,6874,6648,13522
2019-05-07,5858,6259,12117
2019-05-08,7767,7988,15755
2019-05-09,8304,8672,16976
2019-05-10,8199,8050,16249
2019-05-11,5788,5651,11439
2019-05-12,6991,7042,14033
2019-05-13,7818,7699,15517
2019-05-14,5587,5023,10610
2019-05-15,5705,5284,10989
2019-05-16,7932,7815,15747
2019-05-17,7832,7581,15413
2019-05-18,6232,6418,12650
2019-05-19,9403,9177,18580
2019-05-20,8553,8369,16922
2019-05-21,8518,8524,17042
2019-05-22,6708,6489,13197
2019-05-23,9706,10162,19868
2019-05-24,8642,8242,16884
2019-05-25,4060,3659,7719
2019-05-26,4008,4140,8148
2019-05-27,5633,5334,10967
2019-05-28,7626,7642,15268
2019-05-29,7762,8005,15767
2019-05-30,8269,8269,16538
2019-05-31,7050,6828,13878
2019-06-01,5647,5497,11144
2019-06-02,7736,7456,15192
2019-06-03,6742,6479,13221
2019-06-04,5598,5691,11289
2019-06-05,7954,8634,16588
2019-06-06,7688,7668,15356
2019-06-07,7844,8090,15934
2019-06-08,7125,6976,14101
2019-06-09,9692,9158,18850
2019-06-10,10243,10104,20347
2019-06-11,8675,8267,16942
2019-06-12,8383,8727,17110
2019-06-13,9795,10326,20121
2019-06-14,7778,7560,15338
2019-06-15,7136,7275,14411
2019-06-16,9338,9540,18878
2019-06-17,10180,9964,20144
2019-06-18,9647,9847,19494
2019-06-19,10180,10625,20805
2019-06-20,10599,10889,21488
2019-06-21,9964,9772,19736
2019-06-22,7613,7416,15029
2019-06-23,9204,9073,18277
2019-06-24,9755,9823,19578
2019-06-25,9861,9471,19332
2019-06-26,8075,8132,16207
2019-06-27,8395,8420,16815
2019-06-28,8291,8291,16582
2019-06-29,7820,7810,15630
2019-06-30,8754,8272,17026
2019-07-01,6862,6149,13011
2019-07-02,6548,6629,13177
2019-07-03,6785,6570,13355
2019-07-04,4351,4239,8590
2019-07-05,5821,6061,11882
2019-07-06,7157,7174,14331
2019-07-07,9889,9367,19256
2019-07-08,10083,10033,20116
2019-07-09,7473,6515,13988
2019-07-10,6822,6455,13277
2019-07-11,8953,8945,17898
2019-07-12,9067,8225,17292
2019-07-13,5986,5483,11469
2019-07-14,7043,6837,13880
2019-07-15,7483,7267,14750
2019-07-16,7607,7754,15361
2019-07-17,8469,8864,17333
2019-07-18,10725,10401,21126
2019-07-19,9654,8842,18496
2019-07-20,8522,7842,16364
2019-07-21,9783,9612,19395
2019-07-22,8424,8331,16755
2019-07-23,8943,8899,17842
2019-07-24,7648,7565,15213
2019-07-25,6414,5849,12263
2019-07-26,6657,6111,12768
2019-07-27,5257,4486,9743
2019-07-28,6423,5632,12055
2019-07-29,7895,7982,15877
2019-07-30,7884,7983,15867
2019-07-31,8105,7960,16065
2019-08-01,10305,10338,20643
2019-08-02,9832,9574,19406
2019-08-03,7072,6494,13566
2019-08-04,8337,8119,16456
2019-08-05,7133,7081,14214
2019-08-06,7825,8143,15968
2019-08-07,8357,8892,17249
2019-08-08,10004,9994,19998
2019-08-09,8178,7585,15763
2019-08-10,5935,5128,11063
2019-08-11,7156,6502,13658
2019-08-12,6681,6246,12927
2019-08-13,7750,8215,15965
2019-08-14,8617,9280,17897
2019-08-15,8399,8691,17090
2019-08-16,8396,8350,16746
2019-08-17,7173,7081,14254
2019-08-18,8624,8335,16959
2019-08-19,8723,8222,16945
2019-08-20,8534,8830,17364
2019-08-21,7867,7950,15817
2019-08-22,8292,8557,16849
2019-08-23,8187,8667,16854
2019-08-24,4291,3896,8187
2019-08-25,5493,5126,10619
2019-08-26,6416,6408,12824
2019-08-27,6119,6113,12232
2019-08-28,5763,5966,11729
2019-08-29,6475,5953,12428
2019-08-30,6393,6021,12414
2019-08-31,4294,3437,7731
2019-09-01,3373,2971,6344
2019-09-02,4967,4941,9908
2019-09-03,5324,4693,10017
2019-09-04,4418,4524,8942
2019-09-05,4221,4314,8535
2019-09-06,4836,5010,9846
2019-09-07,3028,2623,5651
2019-09-08,5251,4884,10135
2019-09-09,5671,5945,11616
2019-09-10,5285,5756,11041
2019-09-11,5639,6476,12115
2019-09-12,8277,8761,17038
2019-09-13,7574,7805,15379
2019-09-14,3717,3391,7108
2019-09-15,6055,5622,11677
2019-09-16,5713,5635,11348
2019-09-17,5219,5412,10631
2019-09-18,6041,6429,12470
2019-09-19,7100,7192,14292
2019-09-20,7034,6914,13948
2019-09-21,3832,3771,7603
2019-09-22,5347,5365,10712
2019-09-23,5899,6251,12150
2019-09-24,4250,4313,8563
2019-09-25,4216,4048,8264
2019-09-26,6258,6356,12614
2019-09-27,6203,6223,12426
2019-09-28,4953,4882,9835
2019-09-29,5928,6082,12010
2019-09-30,6006,6037,12043
2019-10-01,4487,4819,9306
2019-10-02,4732,5136,9868
2019-10-03,6033,6055,12088
2019-10-04,6187,6136,12323
2019-10-05,3790,3783,7573
2019-10-06,5753,5658,11411
2019-10-07,5950,6037,11987
2019-10-08,4680,4949,9629
2019-10-09,5857,6221,12078
2019-10-10,8252,8673,16925
2019-10-11,9862,9792,19654
2019-10-12,4280,3773,8053
2019-10-13,6019,5915,11934
2019-10-14,5652,5324,10976
2019-10-15,5682,5853,11535
2019-10-16,7299,7932,15231
2019-10-17,7230,6939,14169
2019-10-18,6614,6047,12661
2019-10-19,4666,4474,9140
2019-10-20,7703,8053,15756
2019-10-21,9269,9442,18711
2019-10-22,6588,7065,13653
2019-10-23,5276,5550,10826
2019-10-24,6640,7271,13911
2019-10-25,8247,8496,16743
2019-10-26,4583,4691,9274
2019-10-27,7260,7309,14569
2019-10-28,6210,6118,12328
2019-10-29,6389,7363,13752
2019-10-30,8320,9508,17828
2019-10-31,7354,7940,15294
2019-11-01,6631,6065,12696
2019-11-02,4095,4005,8100
2019-11-03,5271,4608,9879
2019-11-04,5032,4683,9715
2019-11-05,4537,4334,8871
2019-11-06,5165,5155,10320
2019-11-07,7739,8034,15773
2019-11-08,7786,7593,15379
2019-11-09,4109,3532,7641
2019-11-10,5164,4631,9795
2019-11-11,8530,8409,16939
2019-11-12,9125,9070,18195
2019-11-13,5894,5638,11532
2019-11-14,6561,6665,13226
2019-11-15,6549,6472,13021
2019-11-16,3468,3355,6823
2019-11-17,5348,5152,10500
2019-11-18,5987,5687,11674
2019-11-19,4330,4534,8864
2019-11-20,5431,5997,11428
2019-11-21,6294,6663,12957
2019-11-22,6752,7025,13777
2019-11-23,4672,4442,9114
2019-11-24,4737,4217,8954
2019-11-25,4779,4744,9523
2019-11-26,6374,6893,13267
2019-11-27,7976,8870,16846
2019-11-28,3050,3256,6306
2019-11-29,4188,4181,8369
2019-11-30,9062,9493,18555
2019-12-01,11291,11712,23003
2019-12-02,10498,10383,20881
2019-12-03,8851,8003,16854
2019-12-04,7345,7029,14374
2019-12-05,6443,5876,12319
2019-12-06,6260,6100,12360
2019-12-07,3868,3521,7389
2019-12-08,5517,5142,10659
2019-12-09,8154,8483,16637
2019-12-10,5973,6546,12519
2019-12-11,7520,7832,15352
2019-12-12,7047,6923,13970
2019-12-13,8159,8669,16828
2019-12-14,5495,5746,11241
2019-12-15,6252,6210,12462
2019-12-16,7608,8537,16145
2019-12-17,8394,8891,17285
2019-12-18,8732,8373,17105
2019-12-19,9179,7941,17120
2019-12-20,8773,7944,16717
2019-12-21,8344,7323,15667
2019-12-22,9973,9369,19342
2019-12-23,9887,9003,18890
2019-12-24,5626,4488,10114
2019-12-25,4151,3265,7416
2019-12-26,7763,7251,15014
2019-12-27,7811,6916,14727
2019-12-28,8839,8257,17096
2019-12-29,9397,8245,17642
2019-12-30,9162,8381,17543
2019-12-31,6231,5217,11448
2020-01-01,5444,4898,10342
2020-01-02,6487,6069,12556
2020-01-03,7461,7456,14917
2020-01-04,7600,7574,15174
2020-01-05,7445,6410,13855
2020-01-06,5960,5456,11416
2020-01-07,3960,3432,7392
2020-01-08,4688,4402,9090
2020-01-09,4082,3999,8081
2020-01-10,5502,5909,11411
2020-01-11,5590,5859,11449
2020-01-12,6764,6143,12907
2020-01-13,6215,6454,12669
2020-01-14,4623,4772,9395
2020-01-15,4012,3972,7984
2020-01-16,7917,8027,15944
2020-01-17,7220,6548,13768
2020-01-18,5699,5588,11287
2020-01-19,4863,4165,9028
2020-01-20,5434,4798,10232
2020-01-21,4374,4093,8467
2020-01-22,3920,4018,7938
2020-01-23,5607,5638,11245
2020-01-24,5455,5220,10675
2020-01-25,3660,3512,7172
2020-01-26,4564,4088,8652
2020-01-27,5292,4931,10223
2020-01-28,3439,3703,7142
2020-01-29,3200,3537,6737
2020-01-30,4610,4690,9300
2020-01-31,5771,6264,12035
2020-02-01,3778,3979,7757
2020-02-02,3713,3662,7375
2020-02-03,5158,5033,10191
2020-02-04,3518,3596,7114
2020-02-05,4415,5412,9827
2020-02-06,9710,10796,20506
2020-02-07,10065,10188,20253
2020-02-08,4171,3914,8085
2020-02-09,6802,6720,13522
2020-02-10,5845,6201,12046
2020-02-11,4248,4496,8744
2020-02-12,4872,5378,10250
2020-02-13,10520,10896,21416
2020-02-14,6971,6441,13412
2020-02-15,4293,3630,7923
2020-02-16,4210,3753,7963
2020-02-17,5053,5175,10228
2020-02-18,5571,5847,11418
2020-02-19,4679,5109,9788
2020-02-20,5850,5769,11619
2020-02-21,5669,5153,10822
2020-02-22,3990,3692,7682
2020-02-23,4847,4236,9083
2020-02-24,4695,4378,9073
2020-02-25,4557,4823,9380
2020-02-26,6343,7294,13637
2020-02-27,6146,5587,11733
2020-02-28,5204,4688,9892
2020-02-29,4032,3402,7434
2020-03-01,4952,4504,9456
2020-03-02,4342,4715,9057
2020-03-03,3370,3769,7139
2020-03-04,5402,5843,11245
2020-03-05,4587,5244,9831
2020-03-06,5236,5704,10940
2020-03-07,3269,3117,6386
2020-03-08,4536,4147,8683
2020-03-09,3578,3992,7570
2020-03-10,3721,4146,7867
2020-03-11,3858,4340,8198
2020-03-12,4413,5448,9861
2020-03-13,6774,8300,15074
2020-03-14,4649,5140,9789
2020-03-15,4104,4368,8472
2020-03-16,3265,3805,7070
2020-03-17,2900,3388,6288
2020-03-18,3028,3499,6527
2020-03-19,3893,4795,8688
2020-03-20,3910,5053,8963
2020-03-21,2619,3089,5708
2020-03-22,2403,3230,5633
2020-03-23,2101,2819,4920
2020-03-24,1544,2079,3623
2020-03-25,1290,1798,3088
2020-03-26,1138,1461,2599
2020-03-27,1013,1061,2074
2020-03-28,1110,1221,2331
2020-03-29,950,894,1844
2020-03-30,939,906,1845
2020-03-31,957,807,1764
2020-04-01,1123,858,1981
2020-04-02,1020,1185,2205
2020-04-03,980,1027,2007
2020-04-04,677,741,1418
2020-04-05,616,699,1315
2020-04-06,1407,1430,2837
2020-04-07,565,712,1277
2020-04-08,647,841,1488
2020-04-09,688,981,1669
2020-04-10,498,616,1114
2020-04-11,447,561,1008
2020-04-12,596,1034,1630
2020-04-13,686,999,1685
2020-04-14,492,758,1250
2020-04-15,543,865,1408
2020-04-16,458,725,1183
2020-04-17,550,734,1284
2020-04-18,485,635,1120
2020-04-19,555,749,1304
2020-04-20,423,524,947
2020-04-21,406,525,931
2020-04-22,452,621,1073
2020-04-23,423,567,990
2020-04-24,586,645,1231
2020-04-25,444,424,868
2020-04-26,457,407,864
2020-04-27,357,347,704
2020-04-28,452,480,932
2020-04-29,463,438,901
2020-04-30,534,440,974
2020-05-01,521,422,943
2020-05-02,484,378,862
2020-05-03,533,502,1035
2020-05-04,551,618,1169
2020-05-05,490,529,1019
2020-05-06,459,507,966
2020-05-07,595,680,1275
2020-05-08,733,974,1707
2020-05-09,462,575,1037
2020-05-10,505,576,1081
2020-05-11,518,645,1163
2020-05-12,476,592,1068
2020-05-13,442,493,935
2020-05-14,804,914,1718
2020-05-15,750,869,1619
2020-05-16,567,591,1158
2020-05-17,612,679,1291
2020-05-18,619,683,1302
2020-05-19,518,544,1062
2020-05-20,609,624,1233
2020-05-21,835,784,1619
2020-05-22,985,964,1949
2020-05-23,674,606,1280
2020-05-24,759,847,1606
2020-05-25,778,832,1610
2020-05-26,686,672,1358
2020-05-27,819,862,1681
2020-05-28,893,948,1841
2020-05-29,893,842,1735
2020-05-30,679,554,1233
2020-05-31,822,736,1558
2020-06-01,908,789,1697
2020-06-02,695,575,1270
2020-06-03,838,756,1594
2020-06-04,1029,1173,2202
2020-06-05,1080,1282,2362
2020-06-06,955,1099,2054
2020-06-07,1013,1089,2102
2020-06-08,925,1055,1980
2020-06-09,866,1010,1876
2020-06-10,875,1103,1978
2020-06-11,1077,1143,2220
2020-06-12,1157,1188,2345
2020-06-13,1012,980,1992
2020-06-14,1153,1174,2327
2020-06-15,986,1070,2056
2020-06-16,851,933,1784
2020-06-17,997,1063,2060
2020-06-18,1209,1305,2514
2020-06-19,1324,1519,2843
2020-06-20,1272,1310,2582
2020-06-21,1889,2058,3947
2020-06-22,1839,2165,4004
2020-06-23,1471,1639,3110
2020-06-24,1224,1277,2501
2020-06-25,1504,1724,3228
2020-06-26,1586,1828,3414
2020-06-27,1398,1367,2765
2020-06-28,1606,1841,3447
2020-06-29,1590,1847,3437
2020-06-30,1318,1447,2765
2020-07-01,1791,1916,3707
2020-07-02,2211,2526,4737
2020-07-03,1749,1902,3651
2020-07-04,1185,1373,2558
2020-07-05,1967,2210,4177
2020-07-06,2296,2684,4980
2020-07-07,2122,2627,4749
2020-07-08,1590,2040,3630
2020-07-09,1938,2746,4684
2020-07-10,2542,3391,5933
2020-07-11,1668,1928,3596
2020-07-12,2031,2453,4484
2020-07-13,1667,2186,3853
2020-07-14,1344,1651,2995
2020-07-15,1575,2131,3706
2020-07-16,1669,2163,3832
2020-07-17,1702,2188,3890
2020-07-18,1682,2144,3826
2020-07-19,2502,3149,5651
2020-07-20,1873,2377,4250
2020-07-21,1444,2110,3554
2020-07-22,1619,2383,4002
2020-07-23,1738,2637,4375
2020-07-24,1807,2471,4278
2020-07-25,1658,2242,3900
2020-07-26,1648,2146,3794
2020-07-27,1670,2288,3958
2020-07-28,1282,1736,3018
2020-07-29,1229,1743,2972
2020-07-30,1660,2264,3924
2020-07-31,1822,2561,4383
2020-08-01,1939,2209,4148
2020-08-02,1896,2592,4488
2020-08-03,2213,3136,5349
2020-08-04,1684,2016,3700
2020-08-05,1394,1848,3242
2020-08-06,1889,2560,4449
2020-08-07,1678,2307,3985
2020-08-08,1438,1639,3077
2020-08-09,1817,2056,3873
2020-08-10,2371,2991,5362
2020-08-11,1273,1500,2773
2020-08-12,1583,2203,3786
2020-08-13,2075,2559,4634
2020-08-14,1862,2370,4232
2020-08-15,1796,2024,3820
2020-08-16,2247,2594,4841
2020-08-17,1930,2174,4104
2020-08-18,1357,1567,2924
2020-08-19,1520,1967,3487
2020-08-20,1687,2339,4026
2020-08-21,1622,2303,3925
2020-08-22,1382,1809,3191
2020-08-23,2527,2823,5350
2020-08-24,1866,2342,4208
2020-08-25,1120,1511,2631
2020-08-26,1342,1797,3139
2020-08-27,1861,2513,4374
2020-08-28,2223,2957,5180
2020-08-29,1330,1810,3140
2020-08-30,2467,2943,5410
2020-08-31,1907,2691,4598
2020-09-01,1594,2230,3824
2020-09-02,1281,1434,2715
2020-09-03,2102,2408,4510
2020-09-04,2097,2274,4371
2020-09-05,1459,1532,2991
2020-09-06,1362,1450,2812
2020-09-07,1827,2204,4031
2020-09-08,2245,2874,5119
2020-09-09,2070,2496,4566
2020-09-10,1763,2183,3946
2020-09-11,1354,1622,2976
2020-09-12,1379,1522,2901
2020-09-13,1505,1667,3172
2020-09-14,1477,1586,3063
2020-09-15,968,1022,1990
2020-09-16,1228,1322,2550
2020-09-17,2012,2394,4406
2020-09-18,1620,1870,3490
2020-09-19,1315,1398,2713
2020-09-20,1501,1640,3141
2020-09-21,1375,1591,2966
2020-09-22,1231,1394,2625
2020-09-23,1160,1465,2625
2020-09-24,1594,1999,3593
2020-09-25,1515,1919,3434
2020-09-26,1327,1527,2854
2020-09-27,1492,1865,3357
2020-09-28,1462,2146,3608
2020-09-29,1256,1666,2922
2020-09-30,1283,1424,2707
2020-10-01,1967,2241,4208
2020-10-02,1742,2071,3813
2020-10-03,1494,1926,3420
2020-10-04,1693,2260,3953
2020-10-05,1431,1585,3016
2020-10-06,1019,1160,2179
2020-10-07,1073,1185,2258
2020-10-08,1877,2055,3932
2020-10-09,1989,2331,4320
2020-10-10,1704,1987,3691
2020-10-11,2223,2668,4891
2020-10-12,1952,2553,4505
2020-10-13,1202,1350,2552
2020-10-14,1272,1631,2903
2020-10-15,1778,2565,4343
2020-10-16,2083,3037,5120
2020-10-17,1672,2219,3891
2020-10-18,2215,2852,5067
2020-10-19,2020,2931,4951
2020-10-20,1435,1864,3299
2020-10-21,1282,1705,2987
2020-10-22,2141,3017,5158
2020-10-23,3697,4695,8392
2020-10-24,1621,2279,3900
2020-10-25,2940,4234,7174
2020-10-26,2755,3802,6557
2020-10-27,1770,2411,4181
2020-10-28,1613,2325,3938
2020-10-29,2301,3366,5667
2020-10-30,1946,2640,4586
2020-10-31,1235,1406,2641
2020-11-01,1911,2734,4645
2020-11-02,1673,2342,4015
2020-11-03,911,1064,1975
2020-11-04,1040,1119,2159
2020-11-05,1600,2176,3776
2020-11-06,1542,2251,3793
2020-11-07,1317,1758,3075
2020-11-08,2135,2971,5106
2020-11-09,1778,2730,4508
2020-11-10,1333,2044,3377
2020-11-11,1401,2148,3549
2020-11-12,2366,3691,6057
2020-11-13,1690,2840,4530
2020-11-14,1567,2394,3961
2020-11-15,2114,3312,5426
2020-11-16,1429,2033,3462
2020-11-17,1018,1624,2642
2020-11-18,1143,1748,2891
2020-11-19,1646,2509,4155
2020-11-20,1863,2455,4318
2020-11-21,2083,2409,4492
2020-11-22,2249,3152,5401
2020-11-23,1869,2535,4404
2020-11-24,3272,4052,7324
2020-11-25,2136,2816,4952
2020-11-26,747,794,1541
2020-11-27,1340,1699,3039
2020-11-28,1830,2374,4204
2020-11-29,2291,3270,5561
2020-11-30,2885,4542,7427
2020-12-01,2638,3314,5952
2020-12-02,1546,2222,3768
2020-12-03,1619,2712,4331
2020-12-04,1454,2425,3879
2020-12-05,1374,1880,3254
2020-12-06,1672,2670,4342
2020-12-07,1435,2440,3875
2020-12-08,932,1682,2614
2020-12-09,936,1511,2447
2020-12-10,1366,2014,3380
2020-12-11,1689,3041,4730
2020-12-12,1658,2226,3884
2020-12-13,2705,3883,6588
2020-12-14,1791,3036,4827
2020-12-15,1319,2078,3397
2020-12-16,1858,3136,4994
2020-12-17,3359,4536,7895
2020-12-18,3617,4129,7746
2020-12-19,4404,4762,9166
2020-12-20,3215,3618,6833
2020-12-21,2855,3444,6299
2020-12-22,3236,3320,6556
2020-12-23,4417,4511,8928
2020-12-24,2767,3225,5992
2020-12-25,1846,2149,3995
2020-12-26,4508,4853,9361
2020-12-27,4989,5251,10240
2020-12-28,3646,4292,7938
2020-12-29,3683,4107,7790
2020-12-30,4634,5305,9939
2020-12-31,2706,2907,5613
2021-01-01,2685,3047,5732
2021-01-02,4794,5017,9811
2021-01-03,5789,6102,11891
2021-01-04,4120,4401,8521
2021-01-05,1894,1835,3729
2021-01-06,1532,1878,3410
2021-01-07,1569,1838,3407
2021-01-08,2302,2680,4982
2021-01-09,1721,1897,3618
2021-01-10,2747,3232,5979
2021-01-11,1479,2127,3606
2021-01-12,940,1509,2449
2021-01-13,1770,2145,3915
2021-01-14,1548,2011,3559
2021-01-15,2242,3136,5378
2021-01-16,1392,1750,3142
2021-01-17,1684,2364,4048
2021-01-18,1588,1997,3585
2021-01-19,1026,1545,2571
2021-01-20,1055,1593,2648
2021-01-21,1204,1759,2963
2021-01-22,1511,1925,3436
2021-01-23,1452,1991,3443
2021-01-24,2565,3127,5692
2021-01-25,1684,2503,4187
2021-01-26,1449,2543,3992
2021-01-27,1252,2076,3328
2021-01-28,1625,2264,3889
2021-01-29,2002,2664,4666
2021-01-30,1716,2051,3767
2021-01-31,3018,3757,6775
2021-02-01,1677,2365,4042
2021-02-02,1248,1863,3111
2021-02-03,1358,2097,3455
2021-02-04,2079,2833,4912
2021-02-05,1977,2504,4481
2021-02-06,1670,2164,3834
2021-02-07,2671,3377,6048
2021-02-08,2544,3266,5810
2021-02-09,1694,2303,3997
2021-02-10,2060,2650,4710
2021-02-11,4179,5412,9591
2021-02-12,4031,4815,8846
2021-02-13,4047,4911,8958
2021-02-14,4172,4638,8810
2021-02-15,4110,4687,8797
2021-02-16,3015,3292,6307
2021-02-17,2527,3023,5550
2021-02-18,3831,4609,8440
2021-02-19,3898,4469,8367
2021-02-20,2764,2940,5704
2021-02-21,2811,3111,5922
2021-02-22,2254,2768,5022
2021-02-23,1264,1483,2747
2021-02-24,1542,1834,3376
2021-02-25,2406,2801,5207
2021-02-26,2528,3021,5549
2021-02-27,2475,2873,5348
2021-02-28,3623,4003,7626
2021-03-01,2499,2789,5288
2021-03-02,1309,1322,2631
2021-03-03,1495,1512,3007
2021-03-04,2205,2497,4702
2021-03-05,2307,2586,4893
2021-03-06,2042,1920,3962
2021-03-07,2732,2780,5512
2021-03-08,2124,2208,4332
2021-03-09,1292,1302,2594
2021-03-10,1895,2094,3989
2021-03-11,3092,3589,6681
2021-03-12,3980,4104,8084
2021-03-13,3471,3457,6928
2021-03-14,3598,3480,7078
2021-03-15,4251,4364,8615
2021-03-16,3480,3305,6785
2021-03-17,4163,4592,8755
2021-03-18,5310,5397,10707
2021-03-19,3755,3459,7214
2021-03-20,3668,3267,6935
2021-03-21,3874,3462,7336
2021-03-22,3345,3334,6679
2021-03-23,2643,2800,5443
2021-03-24,2728,2953,5681
2021-03-25,4513,5449,9962
2021-03-26,4541,4515,9056
2021-03-27,4801,4821,9622
2021-03-28,5318,5624,10942
2021-03-29,3486,3249,6735
2021-03-30,2656,2459,5115
2021-03-31,3284,3235,6519
2021-04-01,4741,4407,9148
2021-04-02,3790,3217,7007
2021-04-03,3278,2597,5875
2021-04-04,3096,2503,5599
2021-04-05,3626,3050,6676
2021-04-06,2547,2346,4893
2021-04-07,2848,3220,6068
2021-04-08,3447,3301,6748
2021-04-09,3911,4110,8021
2021-04-10,4223,4258,8481
2021-04-11,5041,4622,9663
2021-04-12,4473,3993,8466
2021-04-13,2436,2436,4872
2021-04-14,2957,2996,5953
2021-04-15,4096,4439,8535
2021-04-16,4983,5016,9999
2021-04-17,3037,2852,5889
2021-04-18,3476,3343,6819
2021-04-19,3922,4271,8193
2021-04-20,2846,2922,5768
2021-04-21,2692,3098,5790
2021-04-22,3532,3561,7093
2021-04-23,3703,3883,7586
2021-04-24,4069,4446,8515
2021-04-25,4334,4131,8465
2021-04-26,2936,2953,5889
2021-04-27,2459,2535,4994
2021-04-28,3081,3189,6270
2021-04-29,3844,3877,7721
2021-04-30,4379,4104,8483
2021-05-01,4014,3183,7197
2021-05-02,4284,3795,8079
2021-05-03,4789,4991,9780
2021-05-04,4154,4466,8620
2021-05-05,3734,3418,7152
2021-05-06,4718,4691,9409
2021-05-07,4886,4649,9535
2021-05-08,4099,3785,7884
2021-05-09,5104,5227,10331
2021-05-10,5076,5106,10182
2021-05-11,4176,4430,8606
2021-05-12,4217,4078,8295
2021-05-13,4534,4060,8594
2021-05-14,4687,4044,8731
2021-05-15,3956,3212,7168
2021-05-16,5897,5496,11393
2021-05-17,5440,5186,10626
2021-05-18,4287,4331,8618
2021-05-19,3545,3244,6789
2021-05-20,4985,4623,9608
2021-05-21,5948,5532,11480
2021-05-22,4577,4215,8792
2021-05-23,5210,4561,9771
2021-05-24,5286,4869,10155
2021-05-25,4658,4161,8819
2021-05-26,4239,3809,8048
2021-05-27,5363,5031,10394
2021-05-28,5713,5874,11587
2021-05-29,4237,3663,7900
2021-05-30,4915,4636,9551
2021-05-31,4974,4593,9567
2021-06-01,4503,3884,8387
2021-06-02,4519,4334,8853
2021-06-03,6225,6835,13060
2021-06-04,6517,6378,12895
2021-06-05,6222,5997,12219
2021-06-06,7491,7078,14569
2021-06-07,7662,7874,15536
2021-06-08,6835,6954,13789
2021-06-09,6215,6217,12432
2021-06-10,7860,7648,15508
2021-06-11,7892,7705,15597
2021-06-12,7653,7126,14779
2021-06-13,8368,7825,16193
2021-06-14,8009,7773,15782
2021-06-15,6461,6360,12821
2021-06-16,6581,6184,12765
2021-06-17,7549,7035,14584
2021-06-18,8389,7625,16014
2021-06-19,8282,7639,15921
2021-06-20,9066,8393,17459
2021-06-21,8909,8942,17851
2021-06-22,7412,6885,14297
2021-06-23,6644,5982,12626
2021-06-24,8056,8067,16123
2021-06-25,8812,8687,17499
2021-06-26,9342,8908,18250
2021-06-27,9847,9120,18967
2021-06-28,9386,8984,18370
2021-06-29,8287,8117,16404
2021-06-30,8711,8627,17338
2021-07-01,9591,9552,19143
2021-07-02,10076,10054,20130
2021-07-03,8300,7746,16046
2021-07-04,5394,4526,9920
2021-07-05,7059,6386,13445
2021-07-06,6388,6128,12516
2021-07-07,7586,7217,14803
2021-07-08,9030,9047,18077
2021-07-09,9234,9164,18398
2021-07-10,8393,7665,16058
2021-07-11,9419,9216,18635
2021-07-12,9221,9218,18439
2021-07-13,7686,7599,15285
2021-07-14,8167,8121,16288
2021-07-15,8403,7717,16120
2021-07-16,8462,7799,16261
2021-07-17,7610,6959,14569
2021-07-18,9805,8802,18607
2021-07-19,9676,9614,19290
2021-07-20,7719,7359,15078
2021-07-21,7603,7141,14744
2021-07-22,7608,7031,14639
2021-07-23,8633,8367,17000
2021-07-24,7819,6964,14783
2021-07-25,8524,7878,16402
2021-07-26,7978,7656,15634
2021-07-27,7556,7237,14793
2021-07-28,7266,7228,14494
2021-07-29,8045,8211,16256
2021-07-30,8109,7675,15784
2021-07-31,8080,7228,15308
2021-08-01,9709,9157,18866
2021-08-02,9057,8397,17454
2021-08-03,8112,7550,15662
2021-08-04,7118,6531,13649
2021-08-05,7008,6620,13628
2021-08-06,7892,7578,15470
2021-08-07,8262,8150,16412
2021-08-08,8757,8112,16869
2021-08-09,8225,7906,16131
2021-08-10,7586,7630,15216
2021-08-11,7775,8120,15895
2021-08-12,9072,9063,18135
2021-08-13,8377,8371,16748
2021-08-14,8249,8007,16256
2021-08-15,9281,8815,18096
2021-08-16,8288,8108,16396
2021-08-17,6331,6468,12799
2021-08-18,7570,7909,15479
2021-08-19,8138,8428,16566
2021-08-20,7918,7719,15637
2021-08-21,6343,6076,12419
2021-08-22,6594,5758,12352
2021-08-23,5735,5237,10972
2021-08-24,4667,4277,8944
2021-08-25,5383,5502,10885
2021-08-26,6822,7231,14053
2021-08-27,7037,7355,14392
2021-08-28,5193,4974,10167
2021-08-29,6682,6724,13406
2021-08-30,5327,5730,11057
2021-08-31,4186,4234,8420
2021-09-01,5111,5518,10629
2021-09-02,6499,6292,12791
2021-09-03,7198,6631,13829
2021-09-04,4722,3958,8680
2021-09-05,4153,3638,7791
2021-09-06,5117,4721,9838
2021-09-07,4953,4900,9853
2021-09-08,4922,5258,10180
2021-09-09,5657,6113,11770
2021-09-10,5348,5125,10473
2021-09-11,3475,2964,6439
2021-09-12,5974,5413,11387
2021-09-13,4951,4971,9922
2021-09-14,3681,3748,7429
2021-09-15,3943,4191,8134
2021-09-16,5445,5584,11029
2021-09-17,6582,6421,13003
2021-09-18,4615,4419,9034
2021-09-19,6821,6273,13094
2021-09-20,5991,6141,12132
2021-09-21,3394,3600,6994
2021-09-22,4105,4692,8797
2021-09-23,6625,6744,13369
2021-09-24,7256,6532,13788
2021-09-25,4263,3595,7858
2021-09-26,6651,5853,12504
2021-09-27,5333,4806,10139
2021-09-28,4105,4587,8692
2021-09-29,3723,3612,7335
2021-09-30,5940,6084,12024
2021-10-01,7178,6612,13790
2021-10-02,5063,4496,9559
2021-10-03,7090,6740,13830
2021-10-04,5724,5799,11523
2021-10-05,4299,4855,9154
2021-10-06,4166,4359,8525
2021-10-07,6769,6614,13383
2021-10-08,8504,8681,17185
2021-10-09,6794,6272,13066
2021-10-10,7466,6848,14314
2021-10-11,8051,7779,15830
2021-10-12,6336,6004,12340
2021-10-13,5515,5591,11106
2021-10-14,6963,6228,13191
2021-10-15,6817,6042,12859
2021-10-16,5522,4749,10271
2021-10-17,7045,6011,13056
2021-10-18,6002,5008,11010
2021-10-19,5284,4750,10034
2021-10-20,5135,4687,9822
2021-10-21,6642,6172,12814
2021-10-22,7443,6703,14146
2021-10-23,5795,5047,10842
2021-10-24,8573,8855,17428
2021-10-25,8945,9175,18120
2021-10-26,5351,4863,10214
2021-10-27,5634,5515,11149
2021-10-28,7741,8178,15919
2021-10-29,7597,7561,15158
2021-10-30,5294,4417,9711
2021-10-31,6771,5449,12220
2021-11-01,7978,7039,15017
2021-11-02,4771,4276,9047
2021-11-03,5418,5537,10955
2021-11-04,6954,7155,14109
2021-11-05,7357,7140,14497
2021-11-06,5278,4670,9948
2021-11-07,6869,5963,12832
2021-11-08,6354,5690,12044
2021-11-09,4072,3509,7581
2021-11-10,4849,4637,9486
2021-11-11,7151,6782,13933
2021-11-12,7167,6950,14117
2021-11-13,5773,5408,11181
2021-11-14,8179,7634,15813
2021-11-15,6950,6464,13414
2021-11-16,4329,3864,8193
2021-11-17,4607,4073,8680
2021-11-18,6411,6139,12550
2021-11-19,7634,7001,14635
2021-11-20,6979,5670,12649
2021-11-21,7525,6687,14212
2021-11-22,7183,6386,13569
2021-11-23,7027,6202,13229
2021-11-24,6196,5492,11688
2021-11-25,3155,2474,5629
2021-11-26,3871,3298,7169
2021-11-27,6068,5560,11628
2021-11-28,7085,6872,13957
2021-11-29,7055,6310,13365
2021-11-30,6232,5513,11745
2021-12-01,4983,4512,9495
2021-12-02,5675,5620,11295
2021-12-03,5757,5313,11070
2021-12-04,4416,3664,8080
2021-12-05,6701,6086,12787
2021-12-06,7594,8146,15740
2021-12-07,5436,5236,10672
2021-12-08,4834,4689,9523
2021-12-09,6381,6230,12611
2021-12-10,6929,6614,13543
2021-12-11,6597,6155,12752
2021-12-12,6877,5679,12556
2021-12-13,5615,4863,10478
2021-12-14,5329,4884,10213
2021-12-15,7053,6674,13727
2021-12-16,8405,7379,15784
2021-12-17,8458,7503,15961
2021-12-18,9902,9305,19207
2021-12-19,9801,8764,18565
2021-12-20,8781,7537,16318
2021-12-21,8447,7634,16081
2021-12-22,7664,6693,14357
2021-12-23,8101,7449,15550
2021-12-24,5896,5216,11112
2021-12-25,4745,4176,8921
2021-12-26,8549,8069,16618
2021-12-27,10194,9517,19711
2021-12-28,9773,9124,18897
2021-12-29,9794,9185,18979
2021-12-30,10339,10170,20509
2021-12-31,6965,6570,13535
2022-01-01,7682,7256,14938
2022-01-02,11425,10935,22360
2022-01-03,10608,9677,20285
2022-01-04,8898,7836,16734
2022-01-05,7693,7165,14858
2022-01-06,6860,6735,13595
2022-01-07,7814,7249,15063
2022-01-08,6262,5310,11572
2022-01-09,7213,6534,13747
2022-01-10,4671,4430,9101
2022-01-11,3506,3149,6655
2022-01-12,3001,2571,5572
2022-01-13,3908,3821,7729
2022-01-14,5228,5581,10809
2022-01-15,4897,4484,9381
2022-01-16,5341,5438,10779
2022-01-17,6157,5641,11798
2022-01-18,3252,2763,6015
2022-01-19,3461,3537,6998
2022-01-20,5246,5890,11136
2022-01-21,5146,5675,10821
2022-01-22,4142,3894,8036
2022-01-23,6246,6206,12452
2022-01-24,5180,5324,10504
2022-01-25,3155,3246,6401
2022-01-26,3233,3020,6253
2022-01-27,4883,4780,9663
2022-01-28,6699,7026,13725
2022-01-29,3267,2687,5954
2022-01-30,5655,4836,10491
2022-01-31,4869,4311,9180
2022-02-01,3183,2712,5895
2022-02-02,4719,4993,9712
2022-02-03,4976,5039,10015
2022-02-04,7219,6956,14175
2022-02-05,5895,4893,10788
2022-02-06,6664,5678,12342
2022-02-07,6114,6158,12272
2022-02-08,2861,2702,5563
2022-02-09,3105,2893,5998
2022-02-10,4955,4895,9850
2022-02-11,5629,5184,10813
2022-02-12,4685,4052,8737
2022-02-13,7528,7687,15215
2022-02-14,6445,5875,12320
2022-02-15,4298,3747,8045
2022-02-16,4427,4116,8543
2022-02-17,7715,7931,15646
2022-02-18,10225,9640,19865
2022-02-19,7162,6190,13352
2022-02-20,6548,5098,11646
2022-02-21,6907,6469,13376
2022-02-22,8284,8560,16844
2022-02-23,6843,6777,13620
2022-02-24,8905,8918,17823
2022-02-25,10248,9545,19793
2022-02-26,7211,5873,13084
2022-02-27,7709,6535,14244
2022-02-28,6473,5394,11867
2022-03-01,4887,3863,8750
2022-03-02,4359,3599,7958
2022-03-03,5846,5173,11019
2022-03-04,6076,5404,11480
2022-03-05,5655,5129,10784
2022-03-06,7929,7593,15522
2022-03-07,8033,7965,15998
2022-03-08,5212,5067,10279
2022-03-09,7009,7333,14342
2022-03-10,8681,8952,17633
2022-03-11,9736,10125,19861
2022-03-12,9361,9164,18525
2022-03-13,10015,8933,18948
2022-03-14,7724,6603,14327
2022-03-15,6025,5359,11384
2022-03-16,5772,5220,10992
2022-03-17,7797,7560,15357
2022-03-18,9613,9373,18986
2022-03-19,8226,7726,15952
2022-03-20,8135,7428,15563
2022-03-21,7314,7064,14378
2022-03-22,6890,6944,13834
2022-03-23,6518,6765,13283
2022-03-24,8242,8641,16883
2022-03-25,6590,6041,12631
2022-03-26,5951,5529,11480
2022-03-27,6950,6438,13388
2022-03-28,7539,7290,14829
2022-03-29,4891,4585,9476
2022-03-30,6257,6471,12728
2022-03-31,7926,8239,16165
2022-04-01,8935,8484,17419
2022-04-02,7107,6521,13628
2022-04-03,8497,7498,15995
2022-04-04,7704,7052,14756
2022-04-05,8114,8275,16389
2022-04-06,7885,7893,15778
2022-04-07,8770,9158,17928
2022-04-08,9060,8680,17740
2022-04-09,6318,5550,11868
2022-04-10,7767,7281,15048
2022-04-11,7868,7910,15778
2022-04-12,6974,7129,14103
2022-04-13,8206,8829,17035
2022-04-14,9053,9580,18633
2022-04-15,8423,8668,17091
2022-04-16,6185,6403,12588
2022-04-17,7038,7012,14050
2022-04-18,8521,8876,17397
2022-04-19,6857,6600,13457
2022-04-20,5729,5416,11145
2022-04-21,6768,6809,13577
2022-04-22,7366,7273,14639
2022-04-23,5394,4773,10167
2022-04-24,7232,6698,13930
2022-04-25,7465,6915,14380
2022-04-26,5810,5238,11048
2022-04-27,5849,5368,11217
2022-04-28,6317,6160,12477
2022-04-29,6821,6629,13450
2022-04-30,5862,5338,11200
2022-05-01,7815,7091,14906
2022-05-02,7489,7406,14895
2022-05-03,5669,5385,11054
2022-05-04,6267,5937,12204
2022-05-05,7706,7872,15578
2022-05-06,8648,8737,17385
2022-05-07,6611,6330,12941
2022-05-08,7507,7262,14769
2022-05-09,7264,7166,14430
2022-05-10,5653,5328,10981
2022-05-11,6102,6089,12191
2022-05-12,7514,7720,15234
2022-05-13,8727,8764,17491
2022-05-14,6621,5834,12455
2022-05-15,8256,7963,16219
2022-05-16,7999,7383,15382
2022-05-17,6969,6153,13122
2022-05-18,6472,5940,12412
2022-05-19,7517,7460,14977
2022-05-20,8434,8695,17129
2022-05-21,8234,7962,16196
2022-05-22,8573,7688,16261
2022-05-23,9106,8487,17593
2022-05-24,7288,6775,14063
2022-05-25,7500,7144,14644
2022-05-26,7689,7846,15535
2022-05-27,8596,8491,17087
2022-05-28,6546,5917,12463
2022-05-29,6633,5956,12589
2022-05-30,6110,5713,11823
2022-05-31,5799,5143,10942
2022-06-01,6175,5890,12065
2022-06-02,8141,7667,15808
2022-06-03,8784,8404,17188
2022-06-04,6281,5685,11966
2022-06-05,7838,7154,14992
2022-06-06,8133,8344,16477
2022-06-07,7215,7394,14609
2022-06-08,7751,8518,16269
2022-06-09,8617,8502,17119
2022-06-10,9012,8724,17736
2022-06-11,7686,7107,14793
2022-06-12,10348,10237,20585
2022-06-13,8766,8337,17103
2022-06-14,8306,8022,16328
2022-06-15,7655,7011,14666
2022-06-16,9603,9369,18972
2022-06-17,10564,10063,20627
2022-06-18,8377,7455,15832
2022-06-19,8778,7929,16707
2022-06-20,7738,6604,14342
2022-06-21,6398,5491,11889
2022-06-22,6989,6661,13650
2022-06-23,8749,7956,16705
2022-06-24,8539,7852,16391
2022-06-25,7939,6870,14809
2022-06-26,8866,8317,17183
2022-06-27,8789,8267,17056
2022-06-28,6964,5983,12947
2022-06-29,7587,7189,14776
2022-06-30,7370,6653,14023
2022-07-01,8822,8774,17596
2022-07-02,7171,6560,13731
2022-07-03,6352,5777,12129
2022-07-04,5029,4466,9495
2022-07-05,6841,6843,13684
2022-07-06,7006,6706,13712
2022-07-07,6255,6140,12395
2022-07-08,6781,6805,13586
2022-07-09,7540,7352,14892
2022-07-10,8110,7501,15611
2022-07-11,7511,6903,14414
2022-07-12,6405,5991,12396
2022-07-13,7240,6762,14002
2022-07-14,7860,7832,15692
2022-07-15,8811,8482,17293
2022-07-16,7522,7219,14741
2022-07-17,9028,8951,17979
2022-07-18,9120,8994,18114
2022-07-19,7879,7150,15029
2022-07-20,7108,6640,13748
2022-07-21,9273,9325,18598
2022-07-22,8744,8190,16934
2022-07-23,8455,8011,16466
2022-07-24,10237,9673,19910
2022-07-25,9813,9501,19314
2022-07-26,8465,7943,16408
2022-07-27,7591,7300,14891
2022-07-28,8309,7931,16240
2022-07-29,8540,8246,16786
2022-07-30,7263,6343,13606
2022-07-31,8455,7599,16054
2022-08-01,8018,7091,15109
2022-08-02,5730,4924,10654
2022-08-03,6513,6348,12861
2022-08-04,8655,8728,17383
2022-08-05,9718,9417,19135
2022-08-06,8608,7771,16379
2022-08-07,9703,9210,18913
2022-08-08,9076,8564,17640
2022-08-09,7673,7654,15327
2022-08-10,7580,7686,15266
2022-08-11,9471,8872,18343
2022-08-12,8451,8363,16814
2022-08-13,6686,5875,12561
2022-08-14,7760,7028,14788
2022-08-15,7529,7220,14749
2022-08-16,6139,5402,11541
2022-08-17,6208,5912,12120
2022-08-18,7431,7472,14903
2022-08-19,8077,7979,16056
2022-08-20,6863,6421,13284
2022-08-21,8787,8931,17718
2022-08-22,9155,9110,18265
2022-08-23,6816,6023,12839
2022-08-24,5728,5183,10911
2022-08-25,6299,5893,12192
2022-08-26,6866,6560,13426
2022-08-27,5246,4702,9948
2022-08-28,7120,6477,13597
2022-08-29,6963,7128,14091
2022-08-30,5943,5979,11922
2022-08-31,6090,5411,11501
2022-09-01,6875,6357,13232
2022-09-02,7145,6590,13735
2022-09-03,5569,4877,10446
2022-09-04,5347,5074,10421
2022-09-05,6215,5612,11827
2022-09-06,6023,5558,11581
2022-09-07,5378,5333,10711
2022-09-08,6250,6221,12471
2022-09-09,7082,7117,14199
2022-09-10,5378,5077,10455
2022-09-11,7899,7931,15830
2022-09-12,7232,7309,14541
2022-09-13,5093,4814,9907
2022-09-14,5434,4934,10368
2022-09-15,6545,6095,12640
2022-09-16,6219,5471,11690
2022-09-17,5058,4588,9646
2022-09-18,6632,5895,12527
2022-09-19,7110,6843,13953
2022-09-20,5291,4864,10155
2022-09-21,5834,5684,11518
2022-09-22,8370,8224,16594
2022-09-23,7342,6844,14186
2022-09-24,4817,3882,8699
2022-09-25,7072,6688,13760
2022-09-26,6436,6084,12520
2022-09-27,4659,4267,8926
2022-09-28,5040,4995,10035
2022-09-29,5288,4937,10225
2022-09-30,6670,6511,13181
2022-10-01,5768,5020,10788
2022-10-02,6864,6310,13174
2022-10-03,5879,5865,11744
2022-10-04,5790,5999,11789
2022-10-05,5616,5435,11051
2022-10-06,6063,5180,11243
2022-10-07,6381,5545,11926
2022-10-08,5130,4375,9505
2022-10-09,6613,5730,12343
2022-10-10,5857,5032,10889
2022-10-11,4853,4298,9151
2022-10-12,6163,6168,12331
2022-10-13,7840,7761,15601
2022-10-14,7709,7263,14972
2022-10-15,5914,5468,11382
2022-10-16,7274,6633,13907
2022-10-17,6746,6849,13595
2022-10-18,5925,5775,11700
2022-10-19,5706,5161,10867
2022-10-20,6367,6018,12385
2022-10-21,6315,5691,12006
2022-10-22,5199,4797,9996
2022-10-23,7024,6820,13844
2022-10-24,7449,7455,14904
2022-10-25,7083,7032,14115
2022-10-26,6754,6560,13314
2022-10-27,6010,5999,12009
2022-10-28,7423,7680,15103
2022-10-29,4568,4167,8735
2022-10-30,5383,5028,10411
2022-10-31,4818,4511,9329
2022-11-01,5423,5101,10524
2022-11-02,4784,4774,9558
2022-11-03,5976,6190,12166
2022-11-04,8781,9269,18050
2022-11-05,6824,6593,13417
2022-11-06,6636,6018,12654
2022-11-07,5946,5685,11631
2022-11-08,5286,5432,10718
2022-11-09,4811,4642,9453
2022-11-10,5581,4971,10552
2022-11-11,7896,7768,15664
2022-11-12,5859,5304,11163
2022-11-13,7513,6878,14391
2022-11-14,6795,6566,13361
2022-11-15,6582,7422,14004
2022-11-16,7102,7377,14479
2022-11-17,8163,8789,16952
2022-11-18,8585,9074,17659
2022-11-19,7435,7232,14667
2022-11-20,8360,8131,16491
2022-11-21,6521,5872,12393
2022-11-22,6325,5824,12149
2022-11-23,5899,5855,11754
2022-11-24,3435,3540,6975
2022-11-25,4533,4490,9023
2022-11-26,6391,6131,12522
2022-11-27,8304,8561,16865
2022-11-28,7410,7402,14812
2022-11-29,6853,6902,13755
2022-11-30,7195,7181,14376
2022-12-01,6681,6408,13089
2022-12-02,6298,6352,12650
2022-12-03,5579,5348,10927
2022-12-04,7153,6997,14150
2022-12-05,6723,6660,13383
2022-12-06,4587,4961,9548
2022-12-07,5373,5929,11302
2022-12-08,6076,6263,12339
2022-12-09,6666,6604,13270
2022-12-10,6090,5907,11997
2022-12-11,7681,7597,15278
2022-12-12,7168,7038,14206
2022-12-13,7204,7637,14841
2022-12-14,6745,6987,13732
2022-12-15,9292,9373,18665
2022-12-16,10014,10104,20118
2022-12-17,8938,8399,17337
2022-12-18,8816,8008,16824
2022-12-19,8630,8429,17059
2022-12-20,8402,7731,16133
2022-12-21,9871,9306,19177
2022-12-22,10866,10933,21799
2022-12-23,10485,10435,20920
2022-12-24,8715,8130,16845
2022-12-25,7697,7019,14716
2022-12-26,9805,9313,19118
2022-12-27,9440,8553,17993
2022-12-28,8215,6952,15167
2022-12-29,7417,6531,13948
2022-12-30,8889,7926,16815
2022-12-31,7072,6489,13561
2023-01-01,7370,6413,13783
2023-01-02,9679,9468,19147
2023-01-03,9872,9573,19445
2023-01-04,8683,8309,16992
2023-01-05,7334,7004,14338
2023-01-06,5642,5094,10736
2023-01-07,5497,4818,10315
2023-01-08,6828,5830,12658
2023-01-09,5419,5100,10519
2023-01-10,4691,4834,9525
2023-01-11,11846,11589,23435
2023-01-12,7812,8226,16038
2023-01-13,7938,8246,16184
2023-01-14,5108,4873,9981
2023-01-15,5757,5578,11335
2023-01-16,6818,6692,13510
2023-01-17,4217,3897,8114
2023-01-18,4274,4663,8937
2023-01-19,5839,6368,12207
2023-01-20,5562,5854,11416
2023-01-21,4238,4379,8617
2023-01-22,7555,8086,15641
2023-01-23,6247,6386,12633
2023-01-24,3988,4520,8508
2023-01-25,6077,7141,13218
2023-01-26,6879,7607,14486
2023-01-27,6157,6356,12513
2023-01-28,4259,4343,8602
2023-01-29,7290,7773,15063
2023-01-30,6903,7258,14161
2023-01-31,6074,6297,12371
2023-02-01,5403,5369,10772
2023-02-02,6470,6332,12802
2023-02-03,6973,7010,13983
2023-02-04,5207,4910,10117
2023-02-05,6193,5605,11798
2023-02-06,4695,4343,9038
2023-02-07,2844,2677,5521
2023-02-08,3897,3902,7799
2023-02-09,5660,5479,11139
2023-02-10,5974,5749,11723
2023-02-11,4438,4274,8712
2023-02-12,4990,4696,9686
2023-02-13,5488,5389,10877
2023-02-14,4269,4495,8764
2023-02-15,5813,5730,11543
2023-02-16,7748,8127,15875
2023-02-17,8978,8764,17742
2023-02-18,5669,4863,10532
2023-02-19,5418,4894,10312
2023-02-20,6293,6238,12531
2023-02-21,6115,6223,12338
2023-02-22,7450,8073,15523
2023-02-23,8694,8744,17438
2023-02-24,9592,9751,19343
2023-02-25,7503,7358,14861
2023-02-26,8107,7681,15788
2023-02-27,7434,7095,14529
2023-02-28,6279,6362,12641
2023-03-01,6636,7020,13656
2023-03-02,6959,7463,14422
2023-03-03,7612,7956,15568
2023-03-04,6333,5817,12150
2023-03-05,7470,7243,14713
2023-03-06,6409,6541,12950
2023-03-07,4780,5363,10143
2023-03-08,5451,5965,11416
2023-03-09,7241,7977,15218
2023-03-10,9877,10578,20455
2023-03-11,7882,8053,15935
2023-03-12,10189,10604,20793
2023-03-13,9191,9756,18947
2023-03-14,7398,7728,15126
2023-03-15,8099,8028,16127
2023-03-16,7587,7570,15157
2023-03-17,8018,7715,15733
2023-03-18,7442,7408,14850
2023-03-19,7956,7781,15737
2023-03-20,6868,6511,13379
2023-03-21,6225,6411,12636
2023-03-22,6081,6262,12343
2023-03-23,7421,7993,15414
2023-03-24,8128,8444,16572
2023-03-25,7974,8073,16047
2023-03-26,9667,10176,19843
2023-03-27,9389,9917,19306
2023-03-28,6357,6729,13086
2023-03-29,6161,6347,12508
2023-03-30,6972,7418,14390
2023-03-31,7977,8449,16426
2023-04-01,8719,8584,17303
2023-04-02,8408,7679,16087
2023-04-03,7639,7370,15009
2023-04-04,6572,6743,13315
2023-04-05,8983,9695,18678
2023-04-06,8605,8810,17415
2023-04-07,7206,7334,14540
2023-04-08,5195,4983,10178
2023-04-09,5959,5591,11550
2023-04-10,6762,6807,13569
2023-04-11,5316,5476,10792
2023-04-12,5003,5057,10060
2023-04-13,6562,6517,13079
2023-04-14,7576,7603,15179
2023-04-15,6687,6865,13552
2023-04-16,8954,8613,17567
2023-04-17,9029,8795,17824
2023-04-18,7475,7317,14792
2023-04-19,6254,6138,12392
2023-04-20,8577,8820,17397
2023-04-21,8512,7945,16457
2023-04-22,6905,7163,14068
2023-04-23,8136,7714,15850
2023-04-24,6773,6489,13262
2023-04-25,5647,5821,11468
2023-04-26,6627,7156,13783
2023-04-27,8336,8726,17062
2023-04-28,8237,8160,16397
2023-04-29,6190,6172,12362
2023-04-30,9300,9356,18656
2023-05-01,7693,7164,14857
2023-05-02,4942,4738,9680
2023-05-03,5106,4680,9786
2023-05-04,6878,6663,13541
2023-05-05,7094,6518,13612
2023-05-06,5062,4561,9623
2023-05-07,7918,7750,15668
2023-05-08,7580,7248,14828
2023-05-09,5778,5499,11277
2023-05-10,6554,6367,12921
2023-05-11,8118,7794,15912
2023-05-12,8012,7585,15597
2023-05-13,6415,5852,12267
2023-05-14,7621,7138,14759
2023-05-15,8151,7013,15164
2023-05-16,6334,5730,12064
2023-05-17,6332,5952,12284
2023-05-18,7710,7485,15195
2023-05-19,8262,7784,16046
2023-05-20,6246,5528,11774
2023-05-21,7321,6257,13578
2023-05-22,7656,7168,14824
2023-05-23,6503,5850,12353
2023-05-24,7227,6918,14145
2023-05-25,7220,6741,13961
2023-05-26,7517,7466,14983
2023-05-27,5037,4431,9468
2023-05-28,4517,3992,8509
2023-05-29,5607,5589,11196
2023-05-30,5706,5397,11103
2023-05-31,6087,5785,11872
2023-06-01,7256,7169,14425
2023-06-02,7285,7490,14775
2023-06-03,6319,6371,12690
2023-06-04,7713,7551,15264
2023-06-05,7482,7261,14743
2023-06-06,6715,6956,13671
2023-06-07,6799,6925,13724
2023-06-08,7917,7794,15711
2023-06-09,7758,7555,15313
2023-06-10,6748,6394,13142
2023-06-11,8555,8515,17070
2023-06-12,9708,9815,19523
2023-06-13,8386,8283,16669
2023-06-14,8295,8576,16871
2023-06-15,9433,9463,18896
2023-06-16,10175,10232,20407
2023-06-17,8075,7544,15619
2023-06-18,8652,8050,16702
2023-06-19,8664,7889,16553
2023-06-20,8117,7483,15600
2023-06-21,8661,8816,17477
2023-06-22,10289,10123,20412
2023-06-23,10478,10741,21219
2023-06-24,8137,7541,15678
2023-06-25,9838,9450,19288
2023-06-26,10197,9320,19517
2023-06-27,8865,8121,16986
2023-06-28,9229,8284,17513
2023-06-29,9781,9194,18975
2023-06-30,10374,9749,20123
2023-07-01,9188,8494,17682
2023-07-02,9003,8380,17383
2023-07-03,6227,5635,11862
2023-07-04,5079,4726,9805
2023-07-05,7923,8009,15932
2023-07-06,8538,8382,16920
2023-07-07,8444,8780,17224
2023-07-08,8536,8430,16966
2023-07-09,9102,8663,17765
2023-07-10,9909,9252,19161
2023-07-11,8305,7414,15719
2023-07-12,7900,7140,15040
2023-07-13,8261,8028,16289
2023-07-14,10335,10482,20817
2023-07-15,9458,8867,18325
2023-07-16,10682,10255,20937
2023-07-17,10537,9774,20311
2023-07-18,8734,8316,17050
2023-07-19,8656,8137,16793
2023-07-20,9281,9292,18573
2023-07-21,10317,9906,20223
2023-07-22,8170,7231,15401
2023-07-23,9485,8995,18480
2023-07-24,9672,9276,18948
2023-07-25,7750,7062,14812
2023-07-26,8826,8440,17266
2023-07-27,9012,8287,17299
2023-07-28,10450,10356,20806
2023-07-29,9226,8440,17666
2023-07-30,9869,8743,18612
2023-07-31,9482,8793,18275
2023-08-01,7523,6537,14060
2023-08-02,7238,6566,13804
2023-08-03,7967,7829,15796
2023-08-04,9413,9253,18666
2023-08-05,7750,7124,14874
2023-08-06,9499,9355,18854
2023-08-07,10028,9798,19826
2023-08-08,8999,8163,17162
2023-08-09,7339,6890,14229
2023-08-10,9818,9568,19386
2023-08-11,8596,8163,16759
2023-08-12,7798,7618,15416
2023-08-13,8857,8062,16919
2023-08-14,8573,8386,16959
2023-08-15,7693,7458,15151
2023-08-16,6193,5812,12005
2023-08-17,8883,8868,17751
2023-08-18,8497,8250,16747
2023-08-19,6349,5527,11876
2023-08-20,7276,6566,13842
2023-08-21,7047,6416,13463
2023-08-22,4895,4280,9175
2023-08-23,5088,4680,9768
2023-08-24,7351,7165,14516
2023-08-25,7984,7843,15827
2023-08-26,4997,4353,9350
2023-08-27,7157,6828,13985
2023-08-28,6737,6399,13136
2023-08-29,4919,5167,10086
2023-08-30,5875,5820,11695
2023-08-31,6684,6115,12799
2023-09-01,7887,7427,15314
2023-09-02,4978,3851,8829
2023-09-03,4321,3797,8118
2023-09-04,5787,5097,10884
2023-09-05,5001,4161,9162
2023-09-06,4841,4471,9312
2023-09-07,6181,6339,12520
2023-09-08,7802,7871,15673
2023-09-09,6173,5787,11960
2023-09-10,9204,8439,17643
2023-09-11,8294,8251,16545
2023-09-12,5370,5175,10545
2023-09-13,5709,5804,11513
2023-09-14,8088,8364,16452
2023-09-15,7605,7370,14975
2023-09-16,4853,4641,9494
2023-09-17,7348,6965,14313
2023-09-18,6888,6802,13690
2023-09-19,4977,5148,10125
2023-09-20,5625,5895,11520
2023-09-21,7517,7945,15462
2023-09-22,8096,8386,16482
2023-09-23,5599,5736,11335
2023-09-24,8152,7741,15893
2023-09-25,8685,8584,17269
2023-09-26,6248,6483,12731
2023-09-27,4914,5131,10045
2023-09-28,6972,6981,13953
2023-09-29,8459,8514,16973
2023-09-30,5617,5331,10948
2023-10-01,7724,7284,15008
2023-10-02,6099,5760,11859
2023-10-03,4917,4856,9773
2023-10-04,4807,4711,9518
2023-10-05,7855,7182,15037
2023-10-06,7798,7249,15047
2023-10-07,5871,5286,11157
2023-10-08,6903,6282,13185
2023-10-09,6625,5851,12476
2023-10-10,5014,4207,9221
2023-10-11,5897,5958,11855
2023-10-12,8236,8732,16968
2023-10-13,7428,7477,14905
2023-10-14,5619,5098,10717
2023-10-15,7118,6414,13532
2023-10-16,6470,6093,12563
2023-10-17,4785,4166,8951
2023-10-18,5174,4736,9910
2023-10-19,7499,7449,14948
2023-10-20,7454,7235,14689
2023-10-21,4729,4212,8941
2023-10-22,6969,6311,13280
2023-10-23,6485,5558,12043
2023-10-24,5218,4994,10212
2023-10-25,5605,5600,11205
2023-10-26,7458,7536,14994
2023-10-27,6764,6601,13365
2023-10-28,5543,5602,11145
2023-10-29,7718,7876,15594
2023-10-30,6039,5967,12006
2023-10-31,4039,4566,8605
2023-11-01,5431,5290,10721
2023-11-02,5915,5777,11692
2023-11-03,5704,5130,10834
2023-11-04,4086,3593,7679
2023-11-05,6477,5334,11811
2023-11-06,5842,5082,10924
2023-11-07,3724,3534,7258
2023-11-08,4416,4075,8491
2023-11-09,6786,6168,12954
2023-11-10,5878,5299,11177
2023-11-11,4008,3536,7544
2023-11-12,6220,5483,11703
2023-11-13,5849,5020,10869
2023-11-14,4331,4056,8387
2023-11-15,5468,5165,10633
2023-11-16,6365,6126,12491
2023-11-17,6520,6385,12905
2023-11-18,5649,4927,10576
2023-11-19,6861,6520,13381
2023-11-20,6873,6859,13732
2023-11-21,7731,7751,15482
2023-11-22,6322,6078,12400
2023-11-23,1894,1244,3138
2023-11-24,4428,3976,8404
2023-11-25,6341,5878,12219
2023-11-26,9026,9794,18820
2023-11-27,7539,7403,14942
2023-11-28,6246,5738,11984
2023-11-29,4178,3568,7746
2023-11-30,5310,5471,10781
2023-12-01,5720,5945,11665
2023-12-02,4380,4640,9020
2023-12-03,6629,6913,13542
2023-12-04,5439,5122,10561
2023-12-05,3798,3924,7722
2023-12-06,4083,4162,8245
2023-12-07,5187,4732,9919
2023-12-08,5015,4448,9463
2023-12-09,4629,4503,9132
2023-12-10,7834,8129,15963
2023-12-11,5747,5298,11045
2023-12-12,3857,3377,7234
2023-12-13,4217,3886,8103
2023-12-14,5938,5380,11318
2023-12-15,6408,5426,11834
2023-12-16,5645,4933,10578
2023-12-17,7165,6747,13912
2023-12-18,6909,6421,13330
2023-12-19,6464,5428,11892
2023-12-20,7164,5970,13134
2023-12-21,7053,5850,12903
2023-12-22,8062,7126,15188
2023-12-23,7893,6853,14746
2023-12-24,5442,4661,10103
2023-12-25,4979,4137,9116
2023-12-26,8954,8611,17565
2023-12-27,9014,8503,17517
2023-12-28,7909,7336,15245
2023-12-29,7094,6685,13779
2023-12-30,6716,5772,12488
2023-12-31,5119,4371,9490
